0
0
0
1073
2
297
0
45
0
0
0
0
1
2
1
0
1
3
0
16
2
2
13
0
0
7
0
1
0
31
5
53
0
0
0
1
0
0
115
0
0
6
0
0
8
0
0
5
0
9
0
0
0
56
0
0
53
0
3
5
0
0
0
0
21
6
0
142
0
0
0
0
3
185
0
26
0
0
0
0
33
15
0
0
80
0
0
2
0
2
0
0
0
1
0
0
0
0
0
0
0
0
216
0
0
18
0
2
0
348
0
104
0
5
11
1
0
0
10
0
0
0
0
0
15
4
0
2
2
22
0
0
0
149
12
0
0
1
0
0
0
0
0
0
0
0
0
0
20
0
1
0
8
0
136
0
0
0
1
2
0
0
0
15
69
0
2
0
1
3
0
8
3
13
0
0
0
65
0
0
0
1
0
151
0
1
74
0
5
0
0
0
9
0
0
0
11
55
0
0
0
0
0
8
0
3
0
0
0
0
0
0
0
8
4
25
0
0
0
0
0
0
0
0
303
1
0
1
0
0
0
8
0
0
0
1
3
28
0
0
0
0
0
0
8
1
1
0
0
242
0
0
81
0
0
0
0
0
0
0
0
5
3
18
0
16
1
3
0
94
47
36
0
8
12
6
0
179
0
27
1
43
0
10
0
8
490
3
0
0
0
0
16
0
0
9
1
0
0
0
0
0
0
1
1
8
0
10
0
6
0
0
0
0
0
0
0
6
0
0
16
0
0
0
0
22
5
4
79
1
5
1
0
13
0
0
9
34
0
0
5
0
0
0
0
11
8
0
0
0
0
0
2
0
2
0
16
0
63
0
0
1
18
275
1
0
0
18
0
4
1
68
0
50
1
0
1
0
18
121
45
0
4
0
0
0
0
3
2
0
0
0
0
0
0
0
3
1
0
82
7
0
0
12
2
0
5
0
0
0
0
2
0
176
0
0
0
4
0
1
0
1
7
0
3
0
0
5
5
2
0
10
0
0
2
1
1
0
0
0
2
0
0
0
0
0
2
0
0
0
0
0
0
0
0
5
0
0
1
1
0
0
0
4
1
0
0
0
6
0
64
0
0
1
2
2
0
0
2
0
0
62
6
6
0
3
0
1
0
0
0
0
0
0
1
0
7
0
0
4
0
0
0
0
0
3
0
15
0
0
0
0
32
4
10
1711
0
0
9
0
0
0
0
39
6
0
67
39
0
0
7
0
0
19
0
19
0
2
2
0
8
15
0
0
0
3
2
0
7
0
60
2
11
0
1
13
1
1
0
22
21
0
6
0
0
0
512
0
0
0
0
0
4
0
27
0
0
0
0
0
0
34
23
0
0
0
0
0
0
0
0
195
0
45
1
4
0
0
0
0
0
0
0
0
0
0
0
2391
6
0
0
0
0
0
0
1
0
18
0
7
3
123
0
0
0
1
0
1
0
2
0
19
69
0
5
0
57
6
0
0
1
1
0
0
0
15
0
0
0
0
2
0
38
0
0
46
1
402
0
0
0
1
9
9
78
0
0
0
0
3
0
3
4
0
0
0
38
3
0
0
0
0
0
0
2
2
4
8
0
0
0
0
0
142
0
0
0
0
0
135
2
0
0
7
0
0
0
0
0
150
0
0
1
1
0
0
0
3
6
0
11
208
0
10
9
0
0
0
3
0
5
0
0
0
20
0
2
8
0
0
91
4
0
0
0
65
3
0
992
12
1
0
1
0
0
1
2
1
5
0
0
7
0
0
25
5
15
0
1
0
0
0
5
67
0
15
56
0
0
1
62
0
2
17
3
0
1
1
0
0
60
10
0
1
0
0
0
0
9
0
0
2
0
0
0
1
0
0
22
0
1
0
0
10
16
0
0
0
0
0
0
0
0
0
445
0
0
0
107
0
25
0
0
0
46
0
0
0
0
0
1
0
0
28
1
2
216
0
0
1
5
0
0
0
62
219
0
0
26
0
1
0
4
0
0
0
0
4
20
9
2
1
0
4
3
11
0
0
0
0
266
0
0
0
0
8
0
0
0
0
0
171
1
0
0
0
0
286
0
0
11
0
0
2
0
0
846
0
6
0
0
0
71
2
0
0
0
9
0
0
0
1305
0
0
0
0
0
323
16
44
1
67
0
3
0
0
0
14
0
3
0
20
0
14
6
0
7
11
262
1
0
0
0
0
2
0
0
1
206
1
3
18
0
0
0
0
75
0
0
0
0
0
32
0
0
0
4
13
1
13
0
1
3
0
1
0
1
0
0
0
0
0
0
1
0
139
0
7
3
7
0
0
0
0
0
2
0
0
0
20
0
0
0
3
2
0
20
27
0
2
0
0
0
20
0
0
60
3
0
0
1
0
0
0
0
0
0
1
1
0
0
4
0
0
3
0
0
18
13
0
179
0
48
0
8
1
0
1
2
2
3
18
10
0
4
0
0
9
2
0
0
0
10
0
0
16
0
2
0
1
5
0
4
23
0
0
0
17
10
0
8
0
0
0
1
10
1
62
30
0
3
0
0
1
0
21
1
2
7
0
0
0
15
0
0
0
24
0
66
0
6
0
0
0
0
0
0
0
10
18
19
2
0
1
35
0
0
0
0
3
0
0
3
2
1
113
6
0
0
0
0
1
0
306
0
3
0
38
0
6
3
0
0
0
3
0
3
0
0
0
0
0
0
0
0
0
0
9
0
0
10
0
1
0
0
0
3
0
0
0
4
6
0
2
76
28
0
0
0
1
90
0
0
0
0
0
1
0
0
20
5
0
3
0
10
2
0
0
0
4
16
0
0
0
32
5
1
0
39
0
175
0
0
643
2
0
0
26
0
0
1
3
6
0
5
0
69
206
0
278
0
0
0
30
0
0
0
7
0
7
14
2
0
0
18
8
0
0
0
0
0
2
3
22
0
0
2
0
0
0
16
0
0
18
0
0
189
1735
5
0
79
0
7
0
14
9
5
1
0
3
0
4
14
0
0
0
73
1102
0
4
0
0
0
0
0
15
0
0
1
0
109
668
0
0
1
0
0
0
35
4
17
9
1
3
0
2
1
0
0
0
0
1
0
0
15
0
0
1
1
2
27
36
0
0
0
0
23
11
143
58
16
0
1
0
0
0
0
0
1
0
203
0
0
6
0
0
0
2
0
0
0
9
14
0
0
0
3
12
1
0
10
0
1
0
36
2
2
0
0
0
0
4
0
3
0
39
18
0
0
19
0
0
0
0
0
0
140
5
0
0
0
0
0
0
1
3
0
0
0
0
10
2
0
86
0
0
0
8
34
21
0
0
0
105
0
0
0
0
0
0
12
10
0
0
32
20
0
0
0
0
0
5
2
0
5
7
3
1
0
0
0
0
4
0
0
1
0
0
0
16
0
0
5
9
1
0
3
0
0
332
0
1
77
0
0
13
0
0
0
0
0
0
0
0
54
0
0
5
0
95
0
0
0
0
4
4
2
0
37
0
0
2
0
0
0
3
0
0
80
0
5
0
10
0
0
1
0
0
10
0
2
0
1
0
40
0
0
1706
0
0
0
0
17
1
1
0
10
1
0
3
0
0
45
91
49
59
14
4
113
0
6
0
0
0
0
0
0
0
0
8
0
63
0
24
1
13
0
2
27
15
7
0
0
0
0
0
42
21
0
0
0
0
0
0
6
0
0
0
0
0
0
13
0
0
1
0
37
3
0
0
2
6
0
1
0
0
0
12
73
0
0
14
22
0
0
0
4
0
0
0
0
2
0
0
0
0
0
0
0
872
0
0
63
0
6
10
1
4
0
0
0
28
2
0
0
0
0
1
0
21
0
0
0
0
21
8
0
195
0
0
0
0
133
0
1
0
1
0
1
0
0
0
0
114
9
0
0
0
1
147
5
123
0
26
4
0
6
8
0
26
0
15
1
38
0
0
0
0
0
0
1
0
0
0
0
0
0
159
100
0
0
0
25
0
0
0
0
0
191
1
60
1
48
0
0
162
103
4
0
1
0
0
6
0
0
30
1
0
0
16
0
0
0
0
0
0
0
3
0
0
15
37
0
0
56
2
49
2
0
880
0
0
0
1
0
0
12
12
6
0
0
0
0
0
0
0
121
0
14
179
0
0
0
0
0
8
0
0
0
0
2
0
0
0
1
7
0
76
6
41
22
1
0
0
0
23
42
18
0
24
0
1
0
6
5
0
3
0
0
0
0
0
1
6
3
0
0
0
0
7
0
178
26
160
17
0
0
0
11
36
0
1
0
0
3
1
0
16
0
0
0
0
1
1
1
1
4
3
0
0
350
0
0
21
0
0
0
0
0
0
0
0
34
46
0
7
3
0
0
4
10
0
0
0
71
0
0
0
0
1
2
7
0
0
0
0
0
2
0
15
0
7
2
0
0
1166
0
0
0
0
0
9
0
15
0
31
9
145
0
0
0
0
0
9
0
0
0
3
0
22
0
1
0
67
0
0
0
0
0
0
9
0
23
0
0
0
5
0
0
1
0
6
10
0
2
0
0
0
0
0
0
0
0
