0
0
0
2708
0
812
0
19
0
0
2
5
0
0
1
2
0
109
0
4
4
0
25
0
1
15
0
3
0
8
27
11
0
0
0
12
0
0
341
1
0
43
0
0
21
0
0
0
0
61
0
0
0
227
0
1
282
0
1
6
0
0
0
0
67
0
0
146
0
2
0
0
0
424
0
10
10
0
0
1
310
9
1
0
408
0
0
3
1
1
0
0
32
4
0
0
0
0
0
0
0
0
374
0
0
3
0
0
0
669
0
11
0
8
4
8
0
0
12
0
0
0
0
2
10
46
0
4
0
48
0
0
0
370
42
0
3
2
0
0
0
0
0
0
0
0
0
6
17
0
57
1
3
0
245
0
0
0
0
6
0
0
0
81
281
0
8
0
4
10
0
0
0
11
4
0
0
74
1
0
0
5
0
330
8
0
359
0
69
3
0
0
10
0
0
0
9
40
0
0
0
0
3
48
0
1
0
0
0
0
2
1
0
40
151
192
2
0
0
0
0
1
0
0
1560
0
0
1
0
0
0
14
0
0
0
3
6
16
1
0
0
0
0
0
9
0
1
0
0
12
1
0
119
0
0
0
0
0
0
0
0
52
3
245
0
28
3
9
0
124
66
148
2
83
14
39
0
222
0
34
1
131
0
69
0
10
243
53
0
0
0
0
134
0
0
6
1
0
0
0
0
9
0
1
0
10
0
34
0
4
0
0
0
1
0
0
0
31
0
0
31
0
0
27
0
154
10
1
317
8
18
2
62
4
2
1
67
122
0
0
0
1
0
0
0
0
1
0
0
0
0
0
0
0
7
0
33
4
28
0
0
0
57
411
2
0
2
57
0
2
0
256
0
81
0
0
53
0
161
304
70
0
15
0
0
0
0
50
16
0
0
0
0
0
0
0
13
1
0
237
15
3
0
74
7
0
42
0
0
0
0
1
0
487
0
0
0
27
0
0
0
0
1
0
20
0
0
3
14
0
0
18
0
0
17
22
19
0
0
0
10
0
0
1
0
0
0
0
0
11
1
0
0
1
0
0
0
0
0
0
0
0
1
10
0
0
4
0
50
0
10
0
1
0
19
1
1
0
0
0
0
253
0
17
0
38
0
0
0
4
13
0
0
17
2
5
85
0
0
14
5
0
0
0
0
11
0
42
0
1
0
0
17
6
17
2185
0
0
18
0
0
0
0
35
11
0
190
121
11
0
66
0
0
82
0
2
0
0
2
0
15
185
5
0
0
16
0
0
30
0
69
0
65
0
2
14
0
0
0
86
42
4
14
0
0
0
1240
0
0
0
0
0
4
0
59
0
0
0
0
0
0
344
58
0
0
0
2
4
0
0
0
182
0
375
8
7
0
0
1
0
0
1
0
0
0
0
0
6206
3
0
0
0
1
1
0
3
0
12
4
22
0
581
0
0
0
1
0
4
0
0
0
203
131
0
2
230
116
109
0
0
5
8
0
0
0
42
0
0
0
0
0
0
124
1
0
38
0
852
0
0
2
123
41
120
333
0
0
0
0
3
0
10
0
0
0
0
98
16
0
0
0
0
0
0
2
6
2
26
0
0
0
0
1
164
1
0
0
5
15
233
16
0
0
13
0
0
0
0
9
91
0
3
0
37
0
1
0
43
44
0
0
255
0
13
20
0
0
0
4
0
38
0
0
1
88
0
0
4
2
0
234
1
0
1
0
343
37
1
1649
4
0
0
2
0
0
1
1
3
3
3
4
10
0
0
31
12
129
0
4
0
0
0
4
145
0
137
410
0
9
2
83
2
2
34
72
0
19
29
0
0
51
5
0
22
0
0
0
0
29
0
0
3
0
0
0
0
0
3
94
0
0
0
0
12
140
0
0
0
0
0
0
0
1
0
687
8
0
0
529
0
31
0
0
0
434
0
1
46
0
0
0
0
2
22
0
4
642
0
0
3
10
0
0
0
190
1084
0
0
80
0
1
0
4
0
0
0
0
0
112
33
0
0
14
6
8
16
0
0
0
0
154
0
0
8
0
11
0
0
0
22
0
607
0
0
0
2
0
585
0
0
2
0
0
0
1
0
2060
1
98
1
0
0
579
1
0
0
0
44
0
0
0
3378
0
22
3
0
0
625
12
260
4
47
0
10
0
0
1
29
0
17
0
158
0
18
13
0
37
11
861
5
0
0
0
0
23
0
1
0
488
11
5
280
7
0
0
0
161
0
0
0
0
0
41
1
0
0
5
15
0
2
0
2
6
0
3
1
0
0
0
0
0
1
0
0
0
13
1
99
1
0
0
0
2
0
0
16
2
0
0
52
0
0
0
2
0
0
26
59
0
5
0
0
0
14
0
0
12
1
1
0
0
3
0
0
7
0
0
20
14
0
0
3
0
0
7
0
0
1
27
0
397
0
89
0
7
0
0
0
2
2
0
97
1
0
4
0
12
2
68
0
0
0
63
0
4
64
0
32
0
0
2
0
16
5
0
0
1
7
10
2
33
0
0
1
0
1
0
75
111
0
7
0
0
1
0
52
15
0
15
1
1
0
56
0
0
1
131
0
9
0
56
0
0
0
0
0
0
0
0
60
110
6
0
0
172
0
0
4
0
13
0
4
2
4
0
415
1
0
0
0
27
1
0
710
0
0
1
98
0
51
2
1
0
0
0
0
6
0
0
0
0
0
0
0
0
0
0
9
0
0
76
5
1
0
3
0
4
0
0
0
10
5
0
1
191
107
0
0
0
6
52
2
0
0
0
0
0
0
0
0
10
0
0
0
26
0
0
0
0
30
9
0
0
0
56
12
0
0
173
0
11
0
0
2176
1
0
0
59
0
18
0
23
7
0
4
3
361
38
0
721
0
17
0
29
0
0
0
27
0
202
73
5
0
0
2
44
0
0
0
2
0
5
0
30
0
4
1
0
0
0
26
0
0
2
0
0
545
5198
11
2
67
0
15
0
25
118
12
0
0
9
0
0
18
0
0
0
250
3218
1
15
0
0
0
0
0
39
0
6
14
0
506
860
0
0
6
11
0
0
54
0
20
14
35
36
1
0
2
0
0
0
0
0
0
0
52
0
0
0
4
7
23
235
0
0
0
0
38
121
385
66
0
1
6
55
3
0
0
0
1
0
1105
0
0
23
0
0
0
0
0
0
0
240
38
0
0
1
6
185
2
2
46
0
2
0
5
0
0
0
0
0
0
37
0
0
0
285
176
0
0
109
0
10
0
1
7
0
6
15
0
0
0
0
0
4
0
0
0
29
0
0
26
1
1
386
0
0
0
32
34
89
0
0
0
0
0
0
0
0
0
0
44
27
0
0
144
7
0
0
0
0
0
77
0
0
32
1
4
0
0
10
0
0
4
0
0
1
0
0
0
124
0
0
107
18
9
0
0
0
0
1143
0
1
188
0
5
49
0
0
0
0
1
0
3
1
0
1
0
30
0
110
0
0
0
0
1
20
18
0
108
3
0
18
0
0
0
3
0
0
125
0
1
0
11
0
0
0
0
0
23
0
0
0
21
0
64
2
0
3451
0
0
0
0
1
0
2
0
50
13
0
1
0
0
122
14
76
32
19
18
1163
0
58
0
0
0
0
0
0
0
0
16
1
141
11
296
0
28
0
4
73
1
23
2
0
0
1
0
173
22
0
0
0
0
0
0
6
0
0
1
33
0
0
145
0
0
20
0
4
9
0
0
11
18
0
2
0
0
0
40
201
1
0
48
12
0
0
0
30
10
0
0
0
91
3
0
0
0
0
0
0
529
0
0
336
2
53
28
5
0
0
5
0
1
9
0
1
0
0
2
0
152
0
0
0
0
12
4
0
301
0
4
0
0
1086
0
8
0
3
0
5
0
0
0
0
446
1
0
0
0
9
1172
33
345
0
0
64
0
24
27
0
138
0
7
0
18
0
0
0
1
3
0
2
0
0
0
2
0
0
450
143
9
2
0
28
0
0
1
0
0
142
1
142
0
60
8
0
847
255
12
0
2
0
0
1
0
0
195
0
0
0
116
0
0
0
15
0
0
0
14
0
0
18
176
0
0
112
2
101
0
0
950
2
0
0
1
17
0
10
155
19
0
0
0
0
0
0
0
133
2
19
94
0
60
0
0
0
101
0
0
0
0
19
0
0
0
0
41
0
121
0
385
20
1
0
0
7
56
116
13
0
96
126
4
0
1
10
72
0
0
0
0
1
0
0
2
30
0
0
0
0
4
3
200
161
120
146
0
0
0
112
49
0
3
0
0
11
1
0
37
0
0
0
0
21
2
0
1
0
8
0
0
980
0
0
119
0
0
0
0
1
0
0
5
18
219
0
1
2
0
0
0
18
0
0
0
94
17
0
2
1
0
19
51
0
0
0
0
0
0
0
66
0
24
2
0
0
2997
0
0
0
0
1
25
0
52
0
56
62
52
0
0
0
1
0
109
0
0
0
29
0
37
0
1
0
43
0
0
0
0
5
0
29
0
44
0
0
0
0
0
0
0
0
21
0
0
12
0
0
0
0
4
0
1
0
