0
0
0
2136
4
641
0
27
1
0
0
0
7
0
5
0
0
26
0
0
9
1
4
0
0
9
1
0
0
61
0
4
0
0
0
0
0
0
352
0
0
1
0
4
62
0
0
3
6
33
0
0
0
107
0
0
36
2
0
6
0
0
0
0
36
0
0
352
0
2
0
0
8
370
0
11
0
0
0
0
554
4
0
1
139
0
0
1
0
0
0
0
0
0
0
0
0
0
0
0
0
0
25
0
0
30
0
1
0
417
0
51
0
0
14
1
0
0
23
0
0
0
0
0
5
0
0
4
0
11
0
0
0
341
13
7
305
1
0
0
0
0
0
0
0
7
0
0
16
0
15
8
25
0
155
0
0
0
0
1
0
0
0
76
123
0
0
1
0
0
0
0
0
35
0
0
0
149
1
0
0
0
0
250
5
0
0
0
1
0
0
0
1
0
0
0
2
178
0
0
0
0
1
13
0
0
0
0
0
3
5
0
0
8
4
90
0
0
0
0
0
0
0
0
1122
0
0
1
0
0
0
6
0
0
0
8
0
34
0
0
4
0
0
0
5
11
2
0
0
45
0
0
94
0
0
0
0
0
0
0
0
0
0
10
9
29
40
0
0
401
354
47
2
35
44
0
0
300
0
6
0
73
0
33
15
1
348
4
0
0
0
0
36
0
0
21
3
0
0
0
0
2
0
1
0
3
0
1
0
7
0
0
0
0
0
0
0
6
0
0
12
0
0
0
0
95
6
1
112
8
23
0
0
9
0
1
1
52
2
0
14
0
0
0
0
21
1
0
0
0
0
0
3
0
13
0
21
0
62
0
0
0
15
652
0
0
0
41
0
4
0
202
0
48
0
0
0
0
27
397
54
0
6
0
0
0
0
9
0
0
0
0
0
1
0
0
2
0
0
157
12
0
0
0
0
0
1
0
0
0
0
3
0
463
0
0
0
7
1
0
0
0
1
0
12
0
0
0
3
0
0
5
0
0
21
14
2
0
0
0
11
14
2
13
0
0
1
0
0
0
0
0
0
0
0
0
0
0
10
0
0
0
0
0
6
0
0
0
0
0
170
0
0
4
0
8
0
0
0
0
0
81
0
10
0
3
0
0
0
0
0
0
0
1
1
0
52
0
0
0
0
0
0
0
0
0
21
60
0
2
0
0
0
27
39
2431
0
0
10
0
2
0
0
14
3
0
92
114
0
0
1
0
0
93
0
12
0
0
0
0
26
88
0
0
1
16
0
0
18
0
96
0
52
0
1
5
2
1
0
69
36
1
8
0
0
0
1100
0
0
0
0
0
0
0
2
1
0
0
6
0
0
91
20
0
0
0
6
2
0
0
0
195
0
82
0
0
0
0
0
0
2
0
0
0
0
0
0
4930
2
3
0
0
0
0
0
0
0
1
0
40
5
204
0
0
0
0
0
0
0
1
0
24
113
0
2
2
121
14
0
0
0
1
0
0
0
24
0
0
0
0
6
0
102
0
0
83
0
848
0
0
0
0
15
2
212
0
0
0
0
2
0
8
7
0
0
0
23
20
0
0
1
0
0
1
0
7
0
3
0
0
0
1
0
242
0
1
0
0
6
188
8
0
0
25
0
0
0
0
0
142
0
0
12
22
0
0
0
39
0
0
0
412
0
0
12
0
0
0
1
1
1
0
0
0
5
0
1
10
11
0
199
5
0
11
0
474
0
0
1818
5
1
0
0
0
0
0
2
3
9
0
0
3
0
1
12
2
51
0
0
0
0
0
1
138
0
40
51
0
4
0
150
0
0
56
120
0
14
5
0
0
157
82
0
0
0
3
0
0
10
5
0
3
0
0
0
11
0
0
10
0
0
0
1
0
125
0
0
0
0
0
0
0
0
0
220
0
0
0
159
0
114
0
1
0
209
0
0
32
0
0
0
0
1
17
0
3
107
0
1
0
0
0
0
0
146
325
0
0
36
1
4
0
2
0
0
0
0
1
84
29
0
25
24
1
1
23
0
0
0
0
164
0
0
0
0
14
0
0
0
1
5
343
0
0
0
2
0
291
0
0
1
1
0
0
0
0
2236
0
140
0
0
0
12
0
0
0
0
34
0
0
1
1117
0
1
2
0
0
404
0
121
22
89
0
12
0
0
0
11
1
0
0
171
0
38
8
0
41
2
686
25
0
0
0
0
19
0
0
3
121
3
3
367
2
0
4
0
129
0
0
0
0
0
35
0
0
0
0
0
3
14
0
0
15
1
4
0
0
0
0
0
0
0
0
1
0
10
0
0
0
110
0
0
9
0
0
47
0
0
0
67
0
0
0
1
0
0
0
65
4
5
0
0
0
15
0
0
52
4
2
0
0
0
0
0
4
0
0
12
5
0
0
3
0
0
0
0
0
0
33
0
342
0
81
0
17
0
0
0
22
0
0
6
4
0
0
0
5
14
9
0
0
0
28
1
0
78
0
23
0
1
15
0
12
54
0
0
0
0
14
0
7
0
0
0
0
8
0
77
4
0
2
0
0
3
0
26
0
0
42
5
0
0
1
0
0
2
35
0
139
0
22
0
0
0
0
0
0
0
3
87
144
1
0
2
47
0
0
0
0
0
0
0
0
1
0
387
0
0
0
0
10
0
0
1264
0
8
0
84
0
2
1
4
0
0
0
0
1
0
0
0
0
0
0
0
0
0
0
18
0
0
6
50
8
0
0
0
4
0
0
0
8
5
0
0
62
7
0
0
1
14
109
0
0
1
0
0
0
0
0
1
3
0
4
3
23
0
0
0
2
2
10
4
0
0
73
23
14
0
32
0
283
1
0
1390
1
0
0
43
0
0
0
11
3
0
2
0
276
171
0
357
0
11
0
46
1
0
0
0
0
173
6
0
0
0
22
25
0
0
0
2
1
4
0
6
0
11
1
0
0
0
15
0
0
19
0
0
508
3902
12
0
84
0
2
0
33
0
4
0
0
0
5
0
0
0
0
0
95
1165
0
3
0
0
1
0
0
7
0
0
3
0
309
991
0
0
0
0
0
0
8
2
26
11
15
0
0
0
10
0
0
0
0
0
0
0
1
0
0
0
0
8
10
81
0
1
0
0
22
93
202
59
54
1
5
3
0
0
0
0
0
0
56
0
1
15
0
0
0
1
0
0
0
1
31
0
0
10
5
21
0
2
2
0
0
0
106
0
12
0
0
0
0
0
0
0
0
77
138
0
0
50
0
6
0
0
0
1
56
9
2
0
0
0
1
3
0
0
0
0
0
3
46
1
0
95
0
0
0
6
88
29
0
0
0
18
0
0
3
0
0
0
23
21
0
0
12
0
0
0
0
0
0
3
0
1
15
2
10
0
0
0
0
0
1
0
0
2
0
0
0
37
0
0
13
14
7
0
3
0
0
1228
0
0
294
0
13
23
0
0
0
0
0
0
0
0
0
0
0
3
0
132
0
0
0
0
0
3
12
4
82
2
0
3
0
0
0
14
0
0
215
0
14
0
0
0
0
2
0
0
3
0
2
0
11
0
60
0
0
2818
0
0
0
0
29
0
1
0
3
5
0
1
0
0
84
204
42
55
14
11
409
0
6
0
0
0
0
0
0
0
0
19
0
242
0
47
5
6
0
0
55
1
13
0
0
0
0
0
144
23
0
2
0
0
0
0
2
0
0
0
2
0
0
49
0
0
17
0
5
11
0
0
2
8
0
0
0
0
0
25
188
0
0
19
26
0
0
0
28
0
0
0
0
4
0
0
1
0
0
0
0
2379
0
0
22
0
3
22
0
0
0
0
0
5
21
0
0
0
0
0
0
199
0
0
0
0
19
4
0
423
0
0
0
0
1030
0
23
0
0
1
6
0
0
0
0
353
10
0
0
0
0
2
19
334
0
100
17
0
0
33
0
81
0
2
0
49
0
0
0
3
19
0
2
0
0
0
0
0
0
746
26
2
0
0
34
0
0
5
0
0
168
0
175
1
6
0
0
1638
124
5
0
0
0
0
2
0
0
10
0
0
0
176
0
0
0
0
0
0
0
10
0
0
12
34
0
0
71
0
53
0
0
1352
0
0
2
0
330
0
17
41
27
0
0
0
0
0
1
0
93
2
51
248
0
0
1
0
0
3
0
0
0
0
0
0
0
1
0
65
0
148
6
225
72
1
0
0
0
61
68
7
0
3
26
1
0
0
2
0
1
0
0
0
0
0
6
9
8
0
0
0
0
26
4
313
73
95
48
0
0
0
46
16
0
2
0
0
0
0
0
48
0
0
0
3
30
8
0
0
0
3
0
0
567
0
0
40
0
1
3
0
0
2
0
1
0
35
0
8
0
0
0
7
10
0
0
0
208
0
0
2
0
0
2
10
0
0
0
0
0
0
0
57
0
1
19
0
0
2052
0
0
0
0
0
37
0
92
0
3
11
137
0
0
1
1
0
21
0
0
0
0
0
57
1
0
11
126
0
0
0
0
0
0
12
0
19
0
0
0
3
0
0
0
0
10
3
0
0
0
0
0
0
0
0
3
0
